-3.295616823594322428e+07 -1.411787991704110522e+06
-1.089908381691918075e+08 -2.629810726334124338e+06
-3.915122924012865126e+07 -1.481313284539786354e+07
-1.063344004728168063e+07 -9.674159326911633834e+06
-3.024137323838726617e+06 -1.942046041367953643e+06
-1.983189556408382952e+07 -7.585888529713025317e+06
-1.482182705145046115e+08 -1.098354679595728964e+08
-1.291059676265740953e+07 -4.194738293415063526e+05
-2.740216286017996669e+08 3.348099978393998463e+05
-1.109160859881926697e+01 -4.364783848230681684e+01
-8.350895315930590034e+07 -7.337563040210880339e+06
-3.998689041156134009e+07 -5.091764031043554656e+06
-5.128107106139267795e+06 -4.174371265550269280e+06
-1.030419963549804129e+07 -1.931428490686673671e+07
-6.295603286153601110e+07 -5.402606575301666558e+07
-2.961949533016476780e+06 -1.607300437513823563e+05
-7.916464839512486942e+06 5.270949717020965181e+05
-6.212572544516666792e+06 -9.011303292861755937e+06
-5.850298509843700565e+06 -2.813032454576463252e+07
-2.157849655632280279e+06 -1.185111342610439053e+06
-1.577781317003665864e+07 1.030634958462091861e+06
-5.895160970023519546e+07 -5.190115179660141468e+06
-4.374872313001694679e+08 -9.717322022888939828e+06
-5.120132205380295962e+07 -4.892824250008544885e+06
-2.362039433893606067e+07 1.464628294855299639e+06
-9.456353546063320711e+06 6.639892309361596126e+05
-5.922383234658617526e+07 4.163473210784007795e+06
-6.935003508725015819e+07 8.761478477207584074e+05
-1.307650489340130240e+06 9.010131808215797355e+04
-8.237682128525746055e+06 2.110500143770505092e+05
-1.391841217319942079e+06 -2.239293639612272818e+04
-1.177196125650634430e+07 -4.213954520704155439e+05
-1.109936833781109564e+07 6.532701503955442458e+05
-4.878439733499360830e+07 -3.908139437107550353e+07
-2.140813766895776987e+07 -1.375453667707416229e+06
-4.349237007975376397e+07 2.989168849437345751e+06
-5.877278827826484339e+05 1.778959807097209705e+04
-1.045494148612226546e+07 -9.826227594384186668e+05
-8.974816707647172734e+06 -6.175889755956906825e+06
-1.735188445731966197e+07 1.216909542533360189e+06
-1.859982596897456970e+05 -1.961919037084558795e+03
-1.114686937363663019e+05 2.687286763086809060e+03
-3.741599677026479185e+04 -1.209302817256393610e+04
-2.189949754726714164e+05 8.817665539951225583e+03
-3.546904161162453890e+07 -1.464123028450852633e+07
-1.667007422841405496e+07 5.029497079964533332e+05
-7.263810794844727963e+06 -4.632694992539704777e+06
-1.158528111999560788e+05 -6.358353943908884685e+04
-1.258210343899454921e+08 -1.610517838107580319e+06
-1.029094514509285986e+07 -5.445039130709719844e+06
-1.882826010330225155e+07 -7.623195812160218135e+06
-5.343704380808763951e+07 1.922543384333038935e+06
-1.920601394200584618e+06 1.181739201008778764e+05
-4.399172803011654876e+06 -2.210753891314086970e+06
-6.470225691892311908e+06 4.478974865410330240e+05
-1.923383158457361162e+06 -1.836611872156281490e+06
-5.638173379027441144e+06 -4.796460865236225538e+06
-4.255083210796482861e+07 2.136013500336734112e+06
-5.102500234484387562e+06 2.059329122634519008e+05
-2.194546627449886501e+08 4.206586906930446625e+06
-5.094344840523113497e+06 2.166591829598248005e+05
-4.389907696669193916e+06 -2.070773937385730911e+06
-8.870919418439840898e+06 6.223185281768322457e+05
-7.098261455507402308e+06 -4.686602208629808738e+05
-5.473553269784444943e+06 3.747313365573573974e+05
-5.170201204525996000e+06 -7.452762433487559902e+05
-2.617370986922276765e+07 1.275295977574742632e+06
-4.202942682552164420e+06 -1.661443781343124574e+06
-1.125397541774078086e+07 -2.188922009842916857e+06
-9.361315626010391861e+05 -4.168556579532218166e+06
-1.105594342016491480e+07 -9.315505881519219838e+05
-8.879660943612265587e+07 6.240749708041959442e+06
-2.972079290440836921e+05 -2.644923431848594555e+04
-9.430892668276183307e+06 -4.370259060858710669e+06
-1.210686338758531772e+07 -1.173297999702959880e+07
-4.006068150861495524e+05 3.561508198157013339e+03
-1.201973202591329627e+07 8.445344129027361050e+05
-8.522462929541735211e+05 -8.432530306154406862e+05
-1.167785528569756076e+07 -4.856582559736719704e+05
-3.264099494914694689e+06 -5.522649213383352617e+05
-2.339369323544344399e+06 1.342176109065564815e+05
-2.164941143852432966e+08 -1.252829186363836564e+07
-4.341495284180968883e+05 2.895660874273237641e+04
-7.018876051461182535e+06 -2.011816750714260852e+06
-2.072487573658980057e+07 1.456188204332910245e+06
-1.178923823450514674e+07 8.285767029404442292e+05
-1.685485149355283752e+07 1.028031150335884449e+05
-2.632011430060839280e+07 1.846148990188908298e+06
-3.940400727767905593e+07 -3.029786195200636983e+07
-5.519321596077879658e+05 3.609409225973470166e+04
-4.788587959532825276e+06 3.362847143013242166e+05
-1.628558366820247844e+07 1.144609768288359977e+06
-2.117020708246646449e+07 -1.766947746822949871e+07
-1.450583771981134176e+09 -1.153666853295777738e+08
-5.122116336735034734e+07 -1.114011231153385155e+07
-8.622235812576948665e+05 6.038307801692765497e+04
-1.901335188522723317e+07 9.663019646292895777e+05
-3.234432790256176889e+07 -6.057910669854651205e+06
-5.977782541885011597e+05 -7.903178116889357334e+05
-2.008251672062003613e+07 1.393660275205152575e+06
-4.902065717412144877e+05 -8.843168654981285799e+05
-4.613100891697891057e+06 9.799127330117888050e+04
-1.281070996023298940e+06 1.236466396478562638e+04
-1.303117651407299489e+08 -5.624309978247977793e+06
-4.020033952417034190e+06 2.030093180497064604e+05
-4.249564146096055629e+04 -1.106422948974936298e+04
-3.373078458298712038e+06 -2.407048051154767629e+06
-6.332279283501553582e+05 3.456241063612842936e+03
-3.801498381661765277e+07 -7.654566254757519811e+06
-3.100264202181720734e+07 1.698827724108678056e+06
-5.414073576022099704e+07 9.606393407199913636e+05
-2.523371560481624678e+06 -1.533091947503426927e+05
-8.718164443550176919e+07 -4.514823984896404296e+07
-4.540103123838707060e+07 2.154954980918648187e+06
-4.353266716446278244e+07 -5.180662378465960734e+06
-1.157130067243943363e+07 -4.147952857327116281e+07
-7.547152180827327073e+07 -1.463709542360718548e+08
-3.652629985941521525e+08 -4.618883923241757154e+08
-3.691710616284235846e+06 -2.097529828602856025e+06
-3.326362314183051512e+07 2.028949666886401363e+06
-2.823878822898951918e+07 1.808562705260960851e+06
-9.654179981234639883e+07 4.562293345523165539e+06
-7.871971971936805725e+09 3.435551671827304177e+06
-2.957121644271996245e+07 2.078532218067877693e+06
-1.823782263584317639e+07 9.871629399873829971e+04
-1.479423607720041834e+07 4.149405230757018435e+05
-2.924492146769303828e+07 -1.307101397670280887e+06
-1.782050555512495339e+07 -9.294744870635403320e+06
-4.824341477818943560e+06 -1.493904657205307158e+06
-6.578640937216683291e+06 4.213034657176313922e+05
-2.400012030067008734e+07 1.686021714857430663e+06
-2.045850020231131017e+08 1.200610261133414693e+07
-6.263579297869527340e+08 -1.096996949786978811e+08
-2.079589618410673458e+06 -4.952024465730519150e+05
-6.830659608664561063e+06 2.322047503020267759e+05
-2.126860767609798815e+06 1.382864512555726687e+05
-5.014493941048291512e+06 3.524006153207301395e+05
-6.815362067899143323e+06 4.681911233950795722e+05
-3.971212807818678266e+04 -3.685380135666845308e+04
-2.849836050069411751e+06 -2.652276970978854224e+06
-6.657333761497141095e+05 -2.308489245958373416e+06
-2.745605920899022371e+07 1.779728124314309331e+06
-2.208143175573064014e+06 1.496725446814215102e+05
-2.399373165784433484e+06 1.056530531494481111e+05
-3.990880456038860139e+06 -3.154536479546752293e+06
-8.722930620592567325e+07 -5.582465310265323520e+07
-3.096075683496430516e+07 6.926960599418020574e+05
-1.080791168580191955e+07 -7.453732889888036996e+06
-1.135688041412656021e+05 2.314066634148547621e+02
-1.780113923516857624e+07 1.034567177070439939e+05
-2.947454936114685144e+06 -6.228783344988359604e+05
-4.660253131037991524e+09 1.038237587288642824e+08
-2.558741953101130947e+07 -1.313578251560188085e+07
-9.550329518538607284e+06 -2.644903044917528331e+07
-1.029410004804060981e+07 -2.864969465656956658e+06
-3.926504272208652692e+05 1.697345092620924333e+04
-1.889939173305354081e+06 -3.957724215305584017e+06
-1.645432088788852394e+08 2.280779188022425864e+06
-6.172614757672865875e+06 -2.171061585189837590e+07
-9.814814801176218316e+05 6.158313114008521370e+04
-7.484997284990434127e+04 -8.170032180537214117e+03
-1.100632944834659807e+07 -1.366470840138722444e+06
-1.760254881121173501e+07 -1.811644203030891658e+05
-1.015767490943515301e+08 6.691123033181809820e+06
-6.537209494768375531e+06 -6.929482137626552721e+05
-1.398652965916496236e+06 6.867793839319863764e+04
-3.516179646624721121e+06 2.469764491774855414e+05
-1.387409291604166385e+06 -1.229972071633696556e+06
-1.156204153371783439e+06 5.833454137009222904e+04
-1.140502388808292001e+08 5.652234869759428315e+06
-7.733429936465699673e+08 -6.633953079270859063e+07
-4.608788992156404853e+08 -4.439262961686721444e+07
-5.771826288937432691e+06 -4.327358464148174971e+06
-7.055773552082841098e+07 -6.669587517439516261e+06
-3.861723880489435047e+07 2.631909730565672740e+06
-1.331838939843681097e+09 8.315905258801381290e+07
-2.899099014716245234e+06 -4.561204629874131060e+05
-4.348668538366929442e+07 3.020325730645948090e+06
-8.235358040662368876e+04 -1.659963253140263259e+05
-3.265376862405203283e+07 2.032427302366416203e+06
-1.020299752043357730e+05 -1.185587931827117245e+04
-4.598368467544771731e+07 -8.385038857376007363e+06
-1.303942744900608808e+07 8.434425507865636609e+05
-1.951239797617701348e+06 1.369492077981131733e+05
-7.926481884819583502e+05 6.357946117032416623e+03
-1.130530438910100609e+07 7.939960786473236512e+05
-9.832965726641304791e+06 6.410194598287475528e+05
-1.039219155085600726e+07 -6.397924367243687622e+06
-3.568004032776898239e+05 -3.287273926805905649e+05
-1.391453271867793083e+09 -2.188792406876601875e+08
